20250917
20250918
20250919
20250922
20250923
20250924
20250925
20250926
20250929
20250930
20251001
20251002
20251010
20251013
20251014
20251015
20251016
20251017
20251020
20251021
20251022
20251023
20251024
20251027
20251028
20251029
20251030
20251031
20251103
20251104
20251105
20251106
20251107
20251110
20251111
20251112
20251113
20251114
20251117
20251118
20251119
20251120
20251121
20251124
20251125
20251126
20251127
20251128
20251201
20251202
20251203
20251204
20251205
20251208
20251209
20251210
20251211
20251212
20251215
20251216
20251217
20251218
20251219
